1086513
745515
524555
332081
156213
31119
531705
1438919
182456
812914
1194314
291592
483654
881781
1010336
1233761
508292
830106
669613
8761
1321996
1148486
46436
670330
1448198
1200027
1252839
1397631
969687
1274409
124568
176053
151492
35487
737743
240231
1181658
449442
11274
5449
1472324
112217
775109
249898
1486697
19732
41052
1412864
274830
1410120
1254472
958199
1013995
121874
153170
452583
492872
1255667
1264847
1212376
427619
528417
399682
1457905
331690
1471987
1369247
110220
1195450
629329
835591
1181593
728779
346036
909933
852734
1489839
212822
503715
260415
527904
101483
1173925
203988
545540
1406637
268853
1200642
1259212
919677
522089
600974
1477167
21205
1174279
100773
93598
226969
73854
1310083
